0.3237092
0.31326145
0.32741785
0.33264908
0.33284503
0.34132472
0.3570883
0.34478846
0.32242024
0.3324512
0.33267194
0.3302375
0.35767403
0.32497042
0.31950396
0.31698427
0.3237092
0.31326145
0.32741785
0.33264908
0.33284503
0.34132472
0.3570883
0.34478846
0.32242024
0.3324512
0.33267194
0.3302375
0.35767403
0.32497042
0.31950396
0.31698427
0.3237092
0.31326145
0.32741785
0.33264908
0.33284503
0.34132472
0.3570883
0.34478846
0.32242024
0.3324512
0.33267194
0.3302375
0.35767403
0.32497042
0.31950396
0.31698427
0.3237092
0.31326145
0.32741785
0.33264908
0.33284503
0.34132472
0.3570883
0.34478846
0.32242024
0.3324512
0.33267194
0.3302375
0.35767403
0.32497042
0.31950396
0.31698427
